5 (0.229)
5 (0.268)
11 (0.041)
4 (0.0)
3 (0.0)
7 (0.18)
1 (0.0)
10 (0.0)
9 (0.035)
0 (0.509)
8 (0.362)
9 (0.0)
11 (0.0)
6 (0.001)
0 (0.0)
4 (0.095)
7 (0.012)
9 (0.514)
0 (0.042)
5 (0.015)
4 (0.0)
3 (0.116)
0 (0.402)
9 (0.0)
10 (0.0)
11 (0.189)
8 (0.08)
4 (0.0)
8 (0.412)
2 (0.0)
2 (0.022)
2 (0.0)
5 (0.193)
5 (0.274)
9 (0.114)
10 (0.001)
5 (0.0)
10 (0.0)
1 (0.517)
5 (0.709)
1 (0.358)
3 (0.481)
6 (0.122)
11 (0.158)
1 (0.232)
1 (0.137)
8 (0.162)
6 (0.638)
3 (0.0)
10 (0.381)
11 (0.131)
1 (0.0)
2 (0.238)
2 (0.0)
2 (0.0)
0 (0.059)
4 (0.639)
6 (0.136)
3 (0.059)
1 (0.0)
2 (0.483)
1 (0.168)
0 (0.275)
10 (0.251)
3 (0.23)
7 (0.095)
9 (0.065)
0 (0.0)
10 (0.0)
2 (0.761)
0 (0.642)
10 (0.035)
2 (0.0)
3 (0.0)
8 (0.646)
2 (0.113)
3 (0.0)
0 (0.194)
11 (0.075)
6 (0.0)
7 (0.322)
0 (0.66)
7 (0.454)
5 (0.0)
1 (0.147)
7 (0.733)
5 (0.419)
1 (0.473)
7 (0.07)
9 (0.0)
9 (0.577)
11 (0.214)
11 (0.503)
4 (0.469)
2 (0.0)
7 (0.098)
4 (0.0)
9 (0.133)
0 (0.107)
5 (0.792)
2 (0.546)
0 (0.0)
9 (0.724)
0 (0.439)
9 (0.379)
3 (0.436)
5 (0.297)
7 (0.0)
7 (0.414)
0 (0.0)
10 (0.849)
0 (0.164)
5 (0.07)
7 (0.039)
7 (0.827)
4 (0.122)
7 (1.0)
9 (0.844)
3 (0.155)
8 (0.787)
3 (0.946)
10 (0.617)
7 (0.178)
3 (0.887)
7 (0.417)
7 (0.672)
0 (0.942)
5 (0.834)
7 (0.111)
0 (0.444)
0 (0.444)
9 (0.027)
1 (0.0)
0 (0.0)
5 (0.0)
9 (0.419)
9 (0.137)
11 (0.061)
3 (0.0)
3 (0.549)
7 (0.014)
5 (0.629)
9 (0.0)
10 (0.665)
8 (0.5)
5 (0.0)
3 (0.06)
2 (0.59)
10 (0.285)
0 (0.785)
1 (0.424)
2 (0.03)
10 (0.675)
0 (0.02)
1 (0.0)
4 (0.588)
0 (0.0)
5 (0.157)
0 (0.686)
5 (0.604)
0 (0.486)
0 (0.607)
5 (0.0)
10 (0.825)
1 (0.0)
1 (0.004)
10 (0.0)
0 (0.132)
5 (0.244)
5 (0.938)
5 (0.564)
5 (0.71)
3 (0.256)
5 (0.141)
5 (0.358)
5 (0.055)
0 (0.272)
2 (0.0)
8 (0.775)
3 (0.303)
4 (0.0)
2 (0.342)
2 (0.0)
9 (0.0)
5 (0.474)
7 (0.371)
3 (0.22)
7 (0.011)
8 (0.824)
4 (0.0)
1 (0.294)
4 (0.245)
9 (0.0)
0 (0.013)
0 (0.0)
0 (0.559)
2 (0.153)
9 (0.633)
5 (0.0)
8 (0.01)
1 (0.116)
11 (0.0)
2 (0.0)
7 (1.0)
9 (0.134)
4 (0.732)
10 (0.159)
1 (0.0)
4 (0.255)
0 (0.088)
0 (0.725)
2 (0.303)
0 (0.0)
2 (0.008)
2 (0.442)
1 (0.192)
5 (0.84)
7 (0.006)
5 (0.804)
0 (0.065)
3 (0.14)
5 (0.447)
4 (0.038)
5 (0.041)
0 (0.889)
0 (0.474)
7 (0.262)
2 (0.117)
2 (0.895)
1 (0.115)
2 (0.06)
5 (0.932)
4 (0.277)
11 (0.379)
2 (0.702)
5 (0.224)
1 (0.906)
1 (0.624)
0 (0.055)
2 (0.0)
7 (0.539)
2 (0.678)
2 (0.098)
2 (0.08)
4 (0.757)
3 (0.269)
2 (0.066)
0 (0.744)
5 (0.278)
0 (0.54)
9 (0.524)
4 (0.756)
0 (0.657)
2 (0.0)
3 (0.375)
1 (0.424)
5 (0.0)
10 (0.637)
3 (0.109)
8 (0.602)
0 (0.903)
2 (0.274)
9 (0.214)
9 (0.0)
3 (0.301)
4 (0.367)
2 (0.108)
8 (0.132)
9 (0.029)
2 (0.0)
4 (0.041)
2 (0.786)
6 (0.613)
4 (0.3)
2 (0.174)
2 (0.019)
2 (0.818)
0 (0.0)
9 (0.004)
0 (0.0)
2 (0.0)
4 (0.0)
7 (0.614)
1 (0.487)
7 (0.114)
9 (0.096)
10 (0.724)
7 (0.605)
4 (0.264)
11 (0.591)
11 (0.601)
3 (0.087)
7 (0.518)
2 (0.512)
0 (0.132)
10 (0.081)
7 (0.462)
5 (0.528)
0 (0.639)
11 (0.088)
11 (0.482)
2 (0.0)
4 (0.527)
0 (0.848)
2 (0.0)
9 (0.0)
8 (0.118)
0 (0.0)
1 (0.126)
5 (0.132)
1 (0.0)
7 (0.019)
1 (0.206)
4 (0.251)
10 (0.0)
7 (0.18)
2 (0.0)
5 (0.268)
1 (0.0)
10 (0.53)
4 (0.55)
0 (0.0)
1 (0.149)
0 (0.059)
11 (0.1)
1 (0.0)
5 (0.296)
0 (0.0)
10 (0.139)
8 (0.137)
7 (0.562)
11 (0.59)
10 (0.226)
5 (0.662)
2 (0.895)
11 (0.0)
5 (0.136)
6 (0.584)
7 (0.025)
7 (0.138)
1 (0.0)
2 (0.638)
7 (0.194)
5 (0.009)
8 (0.413)
0 (0.41)
0 (0.0)
9 (0.538)
11 (0.112)
1 (0.061)
5 (0.714)
0 (0.639)
0 (0.537)
8 (0.372)
1 (0.0)
10 (0.174)
4 (0.587)
1 (0.542)
9 (0.739)
9 (0.389)
5 (0.106)
5 (0.527)
1 (0.0)
1 (0.0)
0 (0.72)
11 (0.145)
2 (0.378)
6 (0.316)
6 (0.106)
9 (0.193)
0 (0.69)
10 (0.151)
2 (0.838)
0 (0.0)
10 (0.108)
0 (0.0)
2 (0.059)
7 (0.012)
5 (0.842)
6 (0.102)
6 (0.509)
2 (0.0)
1 (0.221)
11 (0.481)
0 (0.023)
4 (0.0)
0 (0.603)
10 (0.485)
0 (0.553)
0 (0.528)
0 (0.666)
0 (0.0)
11 (0.025)
5 (0.422)
8 (0.301)
5 (0.138)
0 (0.736)
6 (0.0)
11 (0.146)
11 (0.146)
5 (0.113)
10 (0.0)
6 (0.0)
0 (0.0)
4 (0.142)
4 (0.182)
7 (0.192)
9 (0.0)
1 (0.177)
11 (0.42)
11 (0.209)
5 (0.0)
6 (0.223)
1 (0.543)
1 (0.082)
7 (0.078)
8 (0.049)
1 (0.0)
1 (0.0)
2 (0.651)
6 (0.176)
1 (0.0)
6 (0.0)
6 (0.159)
1 (0.115)
0 (0.0)
11 (0.019)
0 (0.196)
5 (0.277)
1 (0.0)
3 (0.0)
6 (0.207)
7 (0.085)
3 (0.735)
1 (0.377)
6 (0.143)
11 (0.0)
5 (0.0)
2 (0.0)
0 (0.0)
8 (0.003)
2 (0.0)
2 (0.371)
2 (0.0)
7 (0.0)
0 (0.0)
11 (0.0)
6 (0.207)
0 (0.0)
2 (0.162)
4 (0.142)
9 (0.0)
1 (0.0)
1 (0.0)
6 (0.011)
11 (0.396)
3 (0.0)
8 (0.108)
4 (0.0)
9 (0.259)
10 (0.0)
7 (0.312)
11 (0.173)
6 (0.344)
1 (0.69)
0 (0.027)
4 (0.15)
2 (0.0)
9 (0.0)
7 (0.117)
10 (0.0)
6 (0.258)
6 (0.0)
6 (0.0)
7 (0.109)
8 (0.184)
11 (0.247)
1 (0.107)
11 (0.247)
1 (0.026)
9 (0.037)
1 (0.0)
9 (0.347)
6 (0.114)
1 (0.0)
7 (0.517)
1 (0.0)
3 (0.0)
11 (0.028)
0 (0.0)
6 (0.025)
11 (0.143)
2 (0.0)
11 (0.526)
1 (0.0)
1 (0.139)
2 (0.393)
1 (0.071)
11 (0.0)
7 (0.569)
7 (0.1)
0 (0.35)
6 (0.511)
9 (0.198)
7 (0.105)
0 (0.141)
6 (0.694)
3 (0.076)
10 (0.053)
2 (0.173)
9 (0.0)
7 (0.169)
1 (0.0)
10 (0.394)
2 (0.539)
3 (0.485)
11 (0.385)
4 (0.018)
7 (0.268)
4 (0.689)
2 (0.0)
1 (0.045)
1 (0.004)
1 (0.71)
1 (0.377)
1 (0.479)
2 (0.0)
7 (0.336)
0 (0.104)
2 (0.602)
8 (0.092)
3 (0.496)
0 (0.432)
4 (0.0)
1 (0.0)
0 (0.0)
2 (0.118)
10 (0.408)
5 (0.332)
1 (0.422)
1 (0.255)
7 (0.114)
0 (0.0)
0 (0.587)
2 (0.055)
10 (0.0)
5 (0.0)
8 (0.44)
7 (0.413)
3 (0.0)
7 (0.108)
4 (0.0)
7 (0.566)
1 (0.0)
1 (0.477)
2 (0.0)
2 (0.074)
3 (0.0)
2 (0.119)
8 (0.211)
10 (0.409)
1 (0.789)
5 (0.319)
1 (0.506)
0 (0.671)
1 (0.424)
7 (0.748)
1 (0.255)
1 (0.0)
0 (0.556)
8 (0.201)
8 (0.504)
5 (0.0)
2 (0.03)
4 (0.088)
0 (0.498)
0 (0.505)
7 (0.302)
2 (0.415)
1 (0.631)
2 (0.061)
2 (0.0)
7 (0.257)
2 (0.297)
0 (0.092)
3 (0.289)
0 (0.736)
2 (0.616)
0 (0.477)
10 (0.0)
5 (0.0)
4 (0.0)
0 (0.76)
0 (0.559)
9 (0.0)
2 (0.0)
5 (0.415)
0 (0.0)
1 (0.135)
7 (0.031)
0 (0.038)
6 (0.085)
2 (0.381)
9 (0.092)
2 (0.336)
4 (0.236)
1 (0.569)
6 (0.063)
9 (0.052)
9 (0.189)
11 (0.293)
11 (0.315)
9 (0.0)
2 (0.32)
4 (0.766)
4 (0.155)
6 (0.008)
4 (0.382)
2 (0.014)
11 (0.52)
2 (0.26)
0 (0.052)
2 (0.0)
0 (0.0)
9 (0.0)
4 (0.117)
2 (0.076)
10 (0.0)
3 (0.0)
5 (0.766)
1 (0.0)
1 (0.62)
7 (0.137)
4 (0.0)
4 (0.536)
2 (0.038)
5 (0.291)
3 (0.687)
2 (0.0)
9 (0.114)
7 (0.0)
7 (0.114)
4 (0.0)
6 (0.688)
0 (0.441)
2 (0.219)
10 (0.0)
0 (0.746)
1 (0.903)
2 (0.557)
2 (0.647)
2 (0.59)
9 (0.042)
10 (0.027)
6 (0.079)
9 (0.414)
1 (0.319)
4 (0.619)
11 (0.152)
7 (0.376)
9 (0.158)
7 (0.0)
7 (0.114)
4 (0.0)
6 (0.688)
0 (0.441)
2 (0.219)
5 (0.0)
2 (0.0)
2 (0.467)
9 (0.132)
1 (0.546)
2 (0.0)
3 (0.586)
1 (0.0)
1 (0.0)
11 (0.006)
2 (0.564)
6 (0.289)
4 (0.159)
6 (0.092)
6 (0.0)
11 (0.12)
3 (0.0)
7 (0.237)
1 (0.161)
10 (0.786)
2 (0.063)
1 (0.507)
1 (0.441)
8 (0.285)
9 (0.057)
9 (0.0)
7 (0.259)
4 (0.536)
11 (0.051)
9 (0.131)
2 (0.0)
9 (0.342)
7 (0.582)
7 (0.494)
1 (0.0)
1 (0.0)
0 (0.167)
9 (0.541)
4 (0.0)
0 (0.393)
2 (0.0)
8 (0.698)
1 (0.193)
9 (0.168)
2 (0.38)
3 (0.11)
8 (0.241)
8 (0.41)
0 (0.0)
3 (0.0)
6 (0.0)
1 (0.0)
1 (0.382)
0 (0.0)
0 (0.598)
0 (0.0)
0 (0.0)
9 (0.0)
7 (0.488)
0 (0.054)
7 (0.05)
0 (0.489)
1 (0.653)
8 (0.153)
8 (0.159)
6 (0.131)
0 (0.685)
10 (0.419)
8 (0.129)
0 (0.0)
1 (0.0)
9 (0.273)
2 (0.162)
3 (0.0)
10 (0.064)
1 (0.0)
1 (0.0)
10 (0.149)
1 (0.0)
10 (0.4)
5 (0.008)
4 (0.162)
6 (0.354)
11 (0.534)
8 (0.101)
11 (0.104)
7 (0.232)
0 (0.0)
10 (0.307)
1 (0.323)
1 (0.135)
11 (0.0)
1 (0.661)
0 (0.0)
10 (0.196)
10 (0.0)
5 (0.287)
8 (0.106)
10 (0.201)
1 (0.479)
2 (0.15)
2 (0.0)
4 (0.0)
0 (0.488)
2 (0.15)
10 (0.365)
2 (0.0)
11 (0.0)
1 (0.0)
4 (0.366)
1 (0.85)
6 (0.0)
2 (0.132)
2 (0.011)
2 (0.23)
6 (0.263)
8 (0.626)
7 (0.238)
1 (0.0)
2 (0.272)
7 (0.4)
11 (0.008)
0 (0.0)
7 (0.431)
11 (0.0)
10 (0.057)
10 (0.02)
8 (0.245)
0 (0.228)
11 (0.233)
2 (0.0)
4 (0.137)
4 (0.0)
4 (0.0)
1 (0.54)
7 (0.643)
9 (0.669)
11 (0.0)
10 (0.0)
9 (0.63)
10 (0.593)
2 (0.324)
8 (0.602)
0 (0.459)
7 (0.145)
2 (0.136)
11 (0.334)
7 (0.088)
8 (0.11)
9 (0.103)
6 (0.667)
9 (0.0)
11 (0.139)
2 (0.174)
0 (0.223)
1 (0.661)
4 (0.0)
10 (0.665)
0 (0.364)
11 (0.751)
0 (0.679)
1 (0.086)
11 (0.016)
1 (0.667)
0 (0.0)
7 (0.0)
5 (0.043)
10 (0.0)
2 (0.265)
11 (0.0)
0 (0.005)
2 (0.239)
6 (0.031)
1 (0.15)
10 (0.772)
7 (0.187)
0 (0.0)
10 (0.718)
10 (0.329)
4 (0.037)
5 (0.643)
8 (0.219)
8 (1.0)
11 (1.0)
11 (0.0)
6 (0.093)
2 (0.458)
9 (0.396)
11 (0.075)
10 (0.0)
4 (0.021)
11 (0.576)
10 (0.59)
0 (0.213)
1 (0.376)
11 (0.0)
7 (0.675)
4 (0.47)
10 (0.0)
0 (0.312)
9 (0.403)
7 (0.506)
8 (0.167)
0 (0.0)
11 (0.422)
6 (0.488)
6 (0.128)
6 (0.33)
9 (0.498)
7 (0.091)
2 (0.162)
1 (0.062)
3 (0.114)
9 (0.0)
9 (0.326)
9 (0.326)
5 (0.872)
1 (0.0)
0 (1.0)
5 (0.0)
9 (0.0)
1 (0.65)
6 (0.342)
11 (0.0)
0 (0.398)
0 (0.338)
7 (0.667)
1 (0.0)
0 (0.0)
4 (0.0)
0 (0.659)
1 (0.0)
0 (0.083)
2 (0.449)
2 (0.0)
1 (0.0)
9 (0.0)
2 (0.027)
7 (0.388)
1 (0.153)
9 (0.0)
11 (0.07)
0 (0.012)
2 (0.465)
1 (0.0)
1 (0.129)
10 (0.0)
4 (0.293)
3 (0.0)
11 (0.152)
2 (0.835)
7 (0.478)
4 (0.0)
3 (0.574)
1 (0.895)
3 (0.0)
3 (0.578)
2 (0.492)
9 (0.446)
7 (0.207)
3 (0.143)
11 (0.181)
1 (0.378)
1 (0.046)
4 (0.261)
4 (0.054)
1 (0.263)
0 (0.271)
4 (0.098)
2 (0.219)
0 (0.107)
6 (0.739)
2 (0.105)
0 (0.0)
0 (0.607)
9 (0.425)
7 (0.201)
0 (0.0)
2 (0.0)
2 (0.077)
7 (0.572)
9 (0.026)
2 (0.011)
1 (0.0)
1 (0.189)
4 (0.088)
0 (0.0)
10 (0.24)
0 (0.642)
9 (0.268)
0 (0.023)
0 (0.715)
0 (0.154)
0 (0.0)
9 (0.0)
3 (0.156)
0 (0.0)
7 (0.009)
5 (0.277)
7 (0.558)
2 (0.583)
9 (0.558)
2 (0.235)
2 (0.825)
2 (0.0)
7 (0.324)
5 (0.207)
9 (0.0)
9 (0.596)
9 (0.091)
6 (0.104)
7 (0.049)
2 (0.0)
3 (0.077)
8 (0.345)
9 (0.0)
11 (0.193)
7 (0.789)
5 (0.404)
2 (0.401)
7 (0.419)
3 (0.084)
2 (0.537)
0 (0.459)
9 (0.721)
8 (0.618)
6 (0.736)
6 (0.0)
2 (0.0)
9 (0.703)
7 (0.601)
7 (0.001)
4 (0.126)
